-41.0740169552
0.261941550495
0.715422966772
0
0
0
0
-42.2679422601
0.563498243266
0.387062228531
0
0
0
0
-55.9791029842
0.655078185565
0.720571944672
0
0
0
0
-32.292759151
0.75360439441
0.494629840719
0
0
0
0
-59.3013364129
0.745116744827
0.27933782548
0
0
0
0
-36.5848716129
0.389810616274
0.699895249211
0
0
0
0
-56.6007191147
0.388393746767
0.73918327566
0
0
0
0
-43.2378828304
0.669900080131
0.679465997271
0
0
0
0
-36.4660980152
0.789836396079
0.284742675331
0
0
0
0
-44.4578849659
0.32339316553
0.255444504971
0
0
0
0
-40.8028578324
0.375795400369
0.404634941701
0
0
0
0
-53.0202981413
0.702010083481
0.382942766317
0
0
0
0
-53.9530161196
0.732269361586
0.62881993671
0
0
0
0
-37.5043584437
0.664496525538
0.469632492206
0
0
0
0
-56.2065797803
0.496265053256
0.689479498356
0
0
0
0
-30.2966011996
0.643907016684
0.304015794404
0
0
0
0
-43.0908452106
0.717914983525
0.208313593362
0
0
0
0
-30.3902788484
0.465098199483
0.470940300944
0
0
0
0
-35.938346792
0.29933686255
0.732993714453
0
0
0
0
-58.8362012862
0.66171205236
0.292889676164
0
0
0
0
