-63.6227167217447089
0.0288936497501835
0.9904346861337262
0.0639796754994648
0.0232970137338192
0.0000000000006128
0.0
-63.6227167217447089
0.0288936497501835
0.9904346861337262
0.0639796754994648
0.0232970137338192
0.0000000000006128
0.0
-63.6227167217447089
0.0288936497501835
0.9904346861337262
0.0639796754994648
0.0232970137338192
0.0000000000006128
0.0
-63.6227167217447089
0.0288936497501835
0.9904346861337262
0.0639796754994648
0.0232970137338192
0.0000000000006128
0.0
-63.6227167217447089
0.0288936497501835
0.9904346861337262
0.0639796754994648
0.0232970137338192
0.0000000000006128
0.0
-63.6227167217447089
0.0288936497501835
0.9904346861337262
0.0639796754994648
0.0232970137338192
0.0000000000006128
0.0
-63.6227167217447089
0.0288936497501835
0.9904346861337262
0.0639796754994648
0.0232970137338192
0.0000000000006128
0.0
-63.6227167217447089
0.0288936497501835
0.9904346861337262
0.0639796754994648
0.0232970137338192
0.0000000000006128
0.0
-63.6227167217447089
0.0288936497501835
0.9904346861337262
0.0639796754994648
0.0232970137338192
0.0000000000006128
0.0
-63.6227167217447089
0.0288936497501835
0.9904346861337262
0.0639796754994648
0.0232970137338192
0.0000000000006128
0.0
-63.6227167217447089
0.0288936497501835
0.9904346861337262
0.0639796754994648
0.0232970137338192
0.0000000000006128
0.0
-63.6227167217447089
0.0288936497501835
0.9904346861337262
0.0639796754994648
0.0232970137338192
0.0000000000006128
0.0
-63.6227167217447089
0.0288936497501835
0.9904346861337262
0.0639796754994648
0.0232970137338192
0.0000000000006128
0.0
-63.6227167217447089
0.0288936497501835
0.9904346861337262
0.0639796754994648
0.0232970137338192
0.0000000000006128
0.0
-63.6227167217447089
0.0288936497501835
0.9904346861337262
0.0639796754994648
0.0232970137338192
0.0000000000006128
0.0
-63.6227167217447089
0.0288936497501835
0.9904346861337262
0.0639796754994648
0.0232970137338192
0.0000000000006128
0.0
-63.6227167217447089
0.0288936497501835
0.9904346861337262
0.0639796754994648
0.0232970137338192
0.0000000000006128
0.0
-63.6227167217447089
0.0288936497501835
0.9904346861337262
0.0639796754994648
0.0232970137338192
0.0000000000006128
0.0
-63.6227167217447089
0.0288936497501835
0.9904346861337262
0.0639796754994648
0.0232970137338192
0.0000000000006128
0.0
-63.6227167217447089
0.0288936497501835
0.9904346861337262
0.0639796754994648
0.0232970137338192
0.0000000000006128
0.0
